0 0
1 46
2 270
3 339
4 420
5 449
6 469
7 526
8 508
9 509
10 546
11 530
12 573
13 522
14 592
15 600
16 586
17 597
18 588
19 598
20 663
21 628
22 645
23 638
24 611
25 645
26 660
27 619
28 634
29 664
30 644
31 665
32 686
33 669
34 683
35 659
36 684
37 704
38 686
39 669
40 678
41 674
42 690
43 690
44 702
45 659
46 694
47 683
48 711
49 681
50 696
51 698
52 688
53 705
54 697
55 708
56 707
57 693
58 729
59 698
60 730
61 713
62 707
63 727
64 724
65 726
66 714
67 724
68 715
69 708
70 753
71 723
72 725
73 705
74 744
75 724
76 730
77 754
78 741
79 743
80 737
81 729
82 730
83 738
84 740
85 755
86 730
87 745
88 764
89 746
90 735
91 742
92 746
93 732
94 728
95 746
96 774
97 762
98 761
99 746
100 740
101 767
102 759
103 750
104 775
105 774
106 768
107 737
108 766
109 773
110 762
111 777
112 757
113 782
114 770
115 764
116 757
117 783
118 784
119 771
120 770
121 759
122 767
123 783
124 767
125 775
126 788
127 758
128 787
129 780
130 777
131 763
132 782
133 796
134 773
135 761
136 785
137 774
138 798
139 780
140 787
141 768
142 780
143 764
144 774
145 771
146 775
147 780
148 778
149 772
150 783
151 751
152 794
153 793
154 785
155 793
156 768
157 763
158 812
159 791
160 794
161 793
162 793
163 790
164 793
165 807
166 809
167 768
168 789
169 803
170 787
171 794
172 767
173 804
174 812
175 784
176 792
177 795
178 796
179 795
180 792
181 800
182 809
183 800
184 803
185 797
186 808
187 812
188 808
189 819
190 805
191 808
192 797
193 810
194 800
195 792
196 833
197 803
198 790
199 787
200 813
201 829
202 815
203 796
204 820
205 807
206 811
207 803
208 804
209 794
210 810
211 795
212 804
213 808
214 825
215 823
216 826
217 808
218 796
219 817
220 808
221 812
222 803
223 801
224 828
225 791
226 815
227 844
228 816
229 821
230 839
231 838
232 803
233 805
234 784
235 841
236 838
237 828
238 810
239 805
240 813
241 819
242 821
243 822
244 829
245 817
246 805
247 837
248 828
249 831
250 825
251 824
252 824
253 822
254 809
255 822
256 823
257 843
258 818
259 828
260 846
261 814
262 819
263 848
264 841
265 825
266 849
267 845
268 837
269 810
270 811
271 817
272 820
273 840
274 843
275 828
276 820
277 850
278 839
279 836
280 810
281 821
282 847
283 837
284 843
285 850
286 824
287 847
288 840
289 840
290 852
291 831
292 820
293 821
294 836
295 832
296 831
297 843
298 833
299 832
300 843
301 826
302 844
303 833
304 843
305 833
306 833
307 845
308 846
309 842
310 834
311 835
312 852
313 847
314 839
315 843
316 848
317 846
318 839
319 842
320 835
321 852
322 827
323 847
324 850
325 840
326 839
327 845
328 823
329 839
330 872
331 843
332 860
333 859
334 839
335 848
336 846
337 863
338 857
339 851
340 863
341 831
342 839
343 849
344 842
345 844
346 848
347 847
348 858
349 851
350 847
351 864
352 844
353 869
354 833
355 849
356 850
357 832
358 845
359 852
360 879
361 865
362 855
363 867
364 858
365 866
366 859
367 848
368 850
369 859
370 848
371 848
372 843
373 857
374 852
375 852
376 864
377 870
378 837
379 853
380 858
381 848
382 861
383 869
384 850
385 854
386 861
387 850
388 872
389 839
390 871
391 873
392 859
393 853
394 850
395 854
396 860
397 868
398 844
399 857
400 868
401 873
402 844
403 854
404 856
405 862
406 857
407 871
408 876
409 853
410 844
411 886
412 871
413 842
414 857
415 876
416 870
417 851
418 872
419 872
420 874
421 866
422 858
423 869
424 877
425 866
426 876
427 857
428 865
429 874
430 866
431 850
432 877
433 870
434 891
435 862
436 871
437 891
438 853
439 872
440 863
441 860
442 856
443 871
444 856
445 884
446 879
447 871
448 867
449 864
450 884
451 865
452 863
453 852
454 867
455 860
456 861
457 866
458 873
459 877
460 883
461 878
462 897
463 875
464 852
465 860
466 866
467 876
468 870
469 891
470 895
471 872
472 880
473 877
474 866
475 891
476 865
477 874
478 879
479 878
480 890
481 860
482 870
483 879
484 868
485 893
486 858
487 872
488 877
489 872
490 879
491 885
492 875
493 883
494 879
495 883
496 889
497 871
498 881
499 873
500 870
501 865
502 877
503 855
504 861
505 880
506 863
507 894
508 878
509 873
510 884
511 877
512 876
513 876
514 883
515 890
516 883
517 889
518 895
519 898
520 890
521 902
522 887
523 865
524 883
525 889
526 865
527 890
528 874
529 884
530 894
531 890
532 885
533 899
534 890
535 884
536 888
537 895
538 890
539 895
540 879
541 901
542 877
543 874
544 895
545 896
546 889
547 866
548 861
549 876
550 879
551 892
552 878
553 881
554 862
555 878
556 886
557 873
558 894
559 859
560 909
561 885
562 884
563 896
564 894
565 893
566 890
567 883
568 893
569 881
570 884
571 896
572 892
573 872
574 894
575 889
576 900
577 890
578 895
579 882
580 891
581 883
582 900
583 890
584 892
585 881
586 902
587 902
588 886
589 889
590 881
591 895
592 903
593 886
594 899
595 903
596 881
597 894
598 884
599 881
600 893
601 876
602 876
603 890
604 895
605 892
606 879
607 880
608 904
609 877
610 907
611 911
612 894
613 900
614 896
615 886
616 886
617 900
618 893
619 897
620 902
621 880
622 862
623 896
624 892
625 887
626 896
627 896
628 914
629 898
630 889
631 890
632 904
633 908
634 896
635 886
636 899
637 898
638 890
639 900
640 886
641 889
642 898
643 896
644 886
645 883
646 913
647 888
648 893
649 895
650 892
651 889
652 889
653 887
654 903
655 905
656 907
657 899
658 890
659 893
660 892
661 892
662 906
663 897
664 898
665 903
666 888
667 902
668 883
669 909
670 899
671 896
672 894
673 896
674 903
675 895
676 904
677 907
678 917
679 899
680 908
681 908
682 883
683 894
684 900
685 918
686 906
687 897
688 884
689 879
690 910
691 896
692 902
693 898
694 881
695 902
696 908
697 885
698 903
699 892
700 900
701 913
702 892
703 892
704 893
705 917
706 895
707 903
708 906
709 919
710 899
711 903
712 905
713 891
714 889
715 895
716 903
717 908
718 902
719 907
720 916
721 910
722 904
723 900
724 900
725 876
726 906
727 910
728 908
729 906
730 902
731 913
732 905
733 909
734 905
735 884
736 903
737 895
738 919
739 901
740 900
741 912
742 921
743 896
744 899
745 912
746 884
747 912
748 903
749 916
750 901
751 913
752 904
753 914
754 904
755 916
756 918
757 900
758 905
759 920
760 901
761 886
762 894
763 914
764 888
765 926
766 896
767 917
768 916
769 890
770 897
771 903
772 919
773 896
774 887
775 906
776 906
777 904
778 905
779 900
780 917
781 912
782 916
783 899
784 909
785 890
786 898
787 913
788 914
789 914
790 898
791 905
792 913
793 901
794 915
795 911
796 894
797 919
798 914
799 907
800 919
801 911
802 899
803 898
804 901
805 924
806 923
807 914
808 911
809 888
810 923
811 919
812 916
813 908
814 899
815 893
816 898
817 904
818 920
819 919
820 902
821 916
822 923
823 897
824 917
825 916
826 913
827 895
828 904
829 901
830 917
831 921
832 917
833 930
834 903
835 897
836 910
837 927
838 933
839 920
840 913
841 910
842 906
843 926
844 913
845 921
846 906
847 903
848 914
849 905
850 904
851 900
852 907
853 903
854 916
855 909
856 894
857 907
858 919
859 908
860 925
861 920
862 912
863 922
864 922
865 906
866 891
867 905
868 916
869 928
870 906
871 916
872 909
873 930
874 917
875 907
876 906
877 902
878 912
879 923
880 926
881 892
882 923
883 929
884 921
885 920
886 930
887 908
888 908
889 906
890 924
891 914
892 922
893 921
894 924
895 911
896 912
897 922
898 911
899 911
900 910
901 924
902 934
903 915
904 910
905 926
906 917
907 907
908 914
909 916
910 932
911 940
912 906
913 894
914 910
915 918
916 929
917 919
918 928
919 918
920 921
921 911
922 922
923 932
924 927
925 922
926 924
927 920
928 912
929 920
930 912
931 906
932 902
933 921
934 899
935 912
936 934
937 922
938 913
939 924
940 921
941 919
942 910
943 932
944 918
945 909
946 925
947 925
948 935
949 922
950 929
951 915
952 915
953 926
954 901
955 922
956 913
957 934
958 918
959 924
960 927
961 929
962 923
963 921
964 921
965 931
966 931
967 907
968 922
969 919
970 938
971 912
972 913
973 923
974 922
975 902
976 908
977 917
978 920
979 909
980 929
981 924
982 931
983 928
984 932
985 922
986 936
987 923
988 916
989 909
990 901
991 919
992 913
993 926
994 923
995 909
996 927
997 905
998 915
999 927
1000 923
1001 930
1002 904
1003 920
1004 938
1005 919
1006 927
1007 912
1008 929
1009 938
1010 916
1011 927
1012 914
1013 919
1014 906
1015 920
1016 919
1017 917
1018 910
1019 922
1020 935
1021 925
1022 931
1023 927
1024 924
1025 918
1026 931
1027 912
1028 918
1029 916
1030 923
1031 926
1032 928
1033 927
1034 917
1035 937
1036 914
1037 919
1038 920
1039 931
1040 921
1041 932
1042 935
1043 920
1044 919
1045 927
1046 927
1047 916
1048 917
1049 918
1050 929
1051 929
1052 921
1053 915
1054 933
1055 923
1056 931
1057 917
1058 910
1059 911
1060 917
1061 935
1062 925
1063 923
1064 933
1065 916
1066 927
1067 928
1068 934
1069 917
1070 920
1071 920
1072 913
1073 924
1074 935
1075 942
1076 931
1077 934
1078 924
1079 927
1080 918
1081 934
1082 933
1083 922
1084 913
1085 938
1086 919
1087 930
1088 914
1089 929
1090 925
1091 924
1092 923
1093 929
1094 932
1095 926
1096 934
1097 923
1098 910
1099 916
1100 930
1101 921
1102 915
1103 927
1104 925
1105 934
1106 918
1107 922
1108 933
1109 909
1110 922
1111 920
1112 941
1113 921
1114 936
1115 925
1116 918
1117 942
1118 932
1119 934
1120 933
1121 925
1122 913
1123 923
1124 921
1125 930
1126 932
1127 930
1128 926
1129 926
1130 920
1131 931
1132 925
1133 938
1134 935
1135 930
1136 915
1137 923
1138 942
1139 929
1140 932
1141 934
1142 928
1143 921
1144 920
1145 919
1146 930
1147 923
1148 930
1149 924
1150 920
1151 929
1152 926
1153 930
1154 917
1155 922
1156 915
1157 919
1158 930
1159 934
1160 926
1161 919
1162 925
1163 919
1164 930
1165 928
1166 921
1167 919
1168 929
1169 923
1170 927
1171 937
1172 932
1173 934
1174 932
1175 932
1176 926
1177 912
1178 935
1179 942
1180 941
1181 929
1182 933
1183 935
1184 956
1185 924
1186 926
1187 922
1188 929
1189 926
1190 940
1191 933
1192 921
1193 929
1194 948
1195 931
1196 940
1197 935
1198 934
1199 914
1200 930
1201 930
1202 928
1203 933
1204 935
1205 928
1206 932
1207 925
1208 915
1209 945
1210 941
1211 924
1212 940
1213 935
1214 936
1215 934
1216 928
1217 927
1218 932
1219 928
1220 924
1221 938
1222 937
1223 931
1224 932
1225 921
1226 944
1227 938
1228 930
1229 937
1230 928
1231 939
1232 939
1233 937
1234 918
1235 925
1236 931
1237 931
1238 932
1239 932
1240 924
1241 933
1242 917
1243 932
1244 940
1245 945
1246 941
1247 930
1248 926
1249 923
1250 938
1251 917
1252 937
1253 930
1254 940
1255 928
1256 925
1257 922
1258 935
1259 927
1260 947
1261 934
1262 944
1263 924
1264 923
1265 930
1266 931
1267 930
1268 931
1269 933
1270 937
1271 943
1272 929
1273 933
1274 935
1275 918
1276 932
1277 930
1278 930
1279 932
1280 941
1281 928
1282 935
1283 948
1284 926
1285 925
1286 931
1287 931
1288 940
1289 931
1290 939
1291 938
1292 915
1293 931
1294 926
1295 924
1296 922
1297 939
1298 948
1299 926
1300 930
1301 927
1302 929
1303 923
1304 939
1305 932
1306 938
1307 934
1308 929
1309 949
1310 941
1311 937
1312 925
1313 934
1314 937
1315 927
1316 934
1317 935
1318 935
1319 938
1320 932
1321 933
1322 940
1323 931
1324 930
1325 927
1326 930
1327 934
1328 935
1329 948
1330 930
1331 928
1332 934
1333 940
1334 933
1335 919
1336 936
1337 930
1338 931
1339 928
1340 930
1341 938
1342 926
1343 951
1344 941
1345 927
1346 935
1347 942
1348 915
1349 940
1350 933
1351 928
1352 940
1353 928
1354 932
1355 934
1356 935
1357 927
1358 940
1359 936
1360 937
1361 923
1362 935
1363 941
1364 942
1365 945
1366 921
1367 936
1368 933
1369 938
1370 941
1371 941
1372 942
1373 933
1374 931
1375 920
1376 924
1377 932
1378 935
1379 926
1380 932
1381 946
1382 929
1383 937
1384 935
1385 941
1386 942
1387 940
1388 936
1389 944
1390 935
1391 923
1392 930
1393 944
1394 941
1395 940
1396 933
1397 937
1398 935
1399 930
1400 948
1401 936
1402 937
1403 928
1404 925
1405 935
1406 923
1407 932
1408 947
1409 924
1410 932
1411 943
1412 945
1413 948
1414 945
1415 932
1416 944
1417 929
1418 945
1419 946
1420 948
1421 944
1422 933
1423 913
1424 914
1425 941
1426 925
1427 940
1428 938
1429 942
1430 931
1431 949
1432 926
1433 943
1434 940
1435 939
1436 942
1437 941
1438 945
1439 927
1440 938
1441 939
1442 932
1443 931
1444 941
1445 935
1446 929
1447 932
1448 945
1449 937
1450 932
1451 937
1452 938
1453 941
1454 936
1455 935
1456 932
1457 937
1458 924
1459 927
1460 931
1461 935
1462 944
1463 937
1464 928
1465 946
1466 943
1467 930
1468 927
1469 939
1470 949
1471 933
1472 934
1473 937
1474 939
1475 956
1476 944
1477 932
1478 936
1479 927
1480 946
1481 942
1482 919
1483 944
1484 935
1485 940
1486 935
1487 935
1488 938
1489 948
1490 933
1491 935
1492 926
1493 927
1494 939
1495 926
1496 937
1497 940
1498 943
1499 933
1500 940
1501 941
1502 927
1503 933
1504 951
1505 944
1506 946
1507 935
1508 934
1509 925
1510 934
1511 922
1512 945
1513 924
1514 945
1515 948
1516 943
1517 948
1518 943
1519 932
1520 952
1521 926
1522 945
1523 933
1524 930
1525 939
1526 936
1527 945
1528 936
1529 942
1530 930
1531 937
1532 939
1533 944
1534 941
1535 939
1536 944
1537 939
1538 946
1539 942
1540 936
1541 941
1542 935
1543 936
1544 940
1545 927
1546 927
1547 922
1548 940
1549 940
1550 945
1551 949
1552 929
1553 932
1554 946
1555 936
1556 945
1557 938
1558 941
1559 935
1560 932
1561 935
1562 945
1563 917
1564 920
1565 940
1566 945
1567 951
1568 920
1569 940
1570 950
1571 930
1572 932
1573 937
1574 933
1575 943
1576 939
1577 949
1578 926
1579 939
1580 926
1581 943
1582 937
1583 929
1584 938
1585 940
1586 948
1587 938
1588 947
1589 940
1590 939
1591 937
1592 941
1593 939
1594 936
1595 938
1596 930
1597 941
1598 937
1599 932
1600 943
1601 942
1602 937
1603 941
1604 941
1605 954
1606 943
1607 935
1608 945
1609 938
1610 933
1611 919
1612 923
1613 939
1614 945
1615 938
1616 936
1617 951
1618 924
1619 942
1620 954
1621 951
1622 940
1623 939
1624 934
1625 938
1626 936
1627 937
1628 951
1629 928
1630 947
1631 937
1632 954
1633 954
1634 949
1635 941
1636 946
1637 939
1638 939
1639 942
1640 929
1641 938
1642 936
1643 946
1644 937
1645 936
1646 937
1647 932
1648 938
1649 951
1650 940
1651 939
1652 935
1653 937
1654 939
1655 951
1656 949
1657 934
1658 942
1659 940
1660 938
1661 931
1662 939
1663 933
1664 930
1665 941
1666 940
1667 951
1668 945
1669 953
1670 944
1671 942
1672 937
1673 944
1674 931
1675 931
1676 939
1677 949
1678 935
1679 956
1680 955
1681 947
1682 956
1683 941
1684 935
1685 936
1686 949
1687 952
1688 932
1689 951
1690 946
1691 955
1692 934
1693 936
1694 932
1695 945
1696 947
1697 941
1698 934
1699 947
1700 947
1701 938
1702 945
1703 947
1704 935
1705 939
1706 943
1707 933
1708 937
1709 937
1710 937
1711 937
1712 940
1713 942
1714 940
1715 947
1716 935
1717 937
1718 939
1719 952
1720 953
1721 938
1722 946
1723 932
1724 941
1725 947
1726 944
1727 936
1728 948
1729 955
1730 946
1731 926
1732 936
1733 948
1734 951
1735 931
1736 945
1737 925
1738 947
1739 944
1740 955
1741 950
1742 949
1743 942
1744 947
1745 954
1746 957
1747 946
1748 951
1749 946
1750 948
1751 945
1752 954
1753 945
1754 949
1755 955
1756 935
1757 960
1758 945
1759 952
1760 948
1761 937
1762 935
1763 948
1764 943
1765 950
1766 939
1767 937
1768 943
1769 940
1770 948
1771 946
1772 954
1773 941
1774 924
1775 939
1776 938
1777 945
1778 938
1779 944
1780 953
1781 947
1782 911
1783 933
1784 938
1785 938
1786 935
1787 939
1788 933
1789 938
1790 949
1791 936
1792 936
1793 937
1794 937
1795 936
1796 950
1797 941
1798 945
1799 944
1800 941
1801 950
1802 936
1803 934
1804 949
1805 950
1806 945
1807 948
1808 929
1809 954
1810 934
1811 957
1812 943
1813 934
1814 952
1815 943
1816 946
1817 943
1818 944
1819 942
1820 940
1821 951
1822 944
1823 942
1824 935
1825 935
1826 940
1827 935
1828 961
1829 945
1830 942
1831 947
1832 940
1833 941
1834 947
1835 943
1836 942
1837 936
1838 939
1839 949
1840 953
1841 945
1842 935
1843 950
1844 943
1845 944
1846 957
1847 937
1848 937
1849 934
1850 942
1851 958
1852 937
1853 950
1854 933
1855 947
1856 960
1857 949
1858 950
1859 950
1860 954
1861 956
1862 953
1863 953
1864 963
1865 943
1866 952
1867 937
1868 936
1869 926
1870 936
1871 944
1872 945
1873 943
1874 939
1875 937
1876 940
1877 940
1878 940
1879 949
1880 948
1881 946
1882 951
1883 943
1884 950
1885 947
1886 950
1887 951
1888 945
1889 956
1890 941
1891 947
1892 955
1893 950
1894 953
1895 947
1896 952
1897 951
1898 945
1899 948
1900 954
1901 955
1902 945
1903 938
1904 939
1905 947
1906 947
1907 948
1908 943
1909 940
1910 935
1911 945
1912 944
1913 944
1914 947
1915 956
1916 957
1917 951
1918 937
1919 959
1920 956
1921 947
1922 942
1923 939
1924 957
1925 942
1926 944
1927 937
1928 938
1929 937
1930 955
1931 945
1932 942
1933 947
1934 953
1935 941
1936 949
1937 939
1938 944
1939 958
1940 950
1941 939
1942 941
1943 935
1944 956
1945 932
1946 937
1947 957
1948 942
1949 945
1950 952
1951 944
1952 954
1953 952
1954 941
1955 962
1956 951
1957 939
1958 941
1959 950
1960 932
1961 942
1962 946
1963 940
1964 941
1965 950
1966 953
1967 949
1968 965
1969 945
1970 941
1971 948
1972 940
1973 945
1974 938
1975 943
1976 937
1977 943
1978 942
1979 950
1980 956
1981 952
1982 947
1983 955
1984 957
1985 951
1986 949
1987 941
1988 944
1989 952
1990 938
1991 956
1992 949
1993 954
1994 946
1995 941
1996 955
1997 951
1998 947
1999 953
2000 954
2001 953
2002 945
2003 947
2004 946
2005 950
2006 950
2007 955
2008 954
2009 947
2010 939
2011 957
2012 941
2013 941
2014 946
2015 941
2016 943
2017 949
2018 938
2019 941
2020 944
2021 946
2022 954
2023 957
2024 953
2025 943
2026 939
2027 949
2028 944
2029 948
2030 946
2031 941
2032 937
2033 942
2034 949
2035 947
2036 961
2037 953
2038 950
2039 948
2040 956
2041 956
2042 939
2043 938
2044 950
2045 943
2046 935
2047 949
2048 942
2049 959
2050 941
2051 963
2052 939
2053 955
2054 948
2055 952
2056 953
2057 946
2058 948
2059 931
2060 947
2061 952
2062 945
2063 931
2064 937
2065 954
2066 952
2067 938
2068 946
2069 942
2070 951
2071 950
2072 949
2073 953
2074 954
2075 963
2076 954
2077 963
2078 939
2079 949
2080 941
2081 953
2082 955
2083 951
2084 949
2085 944
2086 961
2087 952
2088 951
2089 954
2090 936
2091 955
2092 945
2093 956
2094 941
2095 955
2096 951
2097 948
2098 949
2099 957
2100 947
2101 946
2102 959
2103 942
2104 954
2105 950
2106 943
2107 958
2108 945
2109 955
2110 952
2111 939
2112 950
2113 933
2114 951
2115 947
2116 953
2117 934
2118 944
2119 950
2120 958
2121 947
2122 958
2123 954
2124 959
2125 947
2126 951
2127 945
2128 944
2129 943
2130 949
2131 948
2132 954
2133 938
2134 957
2135 940
2136 932
2137 943
2138 948
2139 954
2140 935
2141 940
2142 958
2143 942
2144 949
2145 944
2146 944
2147 940
2148 944
2149 948
2150 937
2151 943
2152 952
2153 953
2154 948
2155 935
2156 958
2157 950
2158 953
2159 950
2160 956
2161 944
2162 950
2163 949
2164 957
2165 955
2166 947
2167 957
2168 947
2169 954
2170 959
2171 956
2172 944
2173 956
2174 948
2175 958
2176 947
2177 955
2178 944
2179 945
2180 953
2181 957
2182 943
2183 940
2184 948
2185 949
2186 944
2187 953
2188 948
2189 943
2190 950
2191 958
2192 943
2193 938
2194 954
2195 948
2196 947
2197 953
2198 937
2199 958
2200 943
2201 955
2202 946
2203 937
2204 947
2205 956
2206 948
2207 951
2208 943
2209 953
2210 953
2211 951
2212 949
2213 945
2214 960
2215 957
2216 942
2217 947
2218 950
2219 958
2220 952
2221 961
2222 942
2223 947
2224 931
2225 949
2226 947
2227 958
2228 949
2229 950
2230 954
2231 964
2232 956
2233 952
2234 948
2235 937
2236 952
2237 937
2238 960
2239 949
2240 949
2241 954
2242 950
2243 959
2244 948
2245 951
2246 950
2247 959
2248 951
2249 947
2250 937
2251 938
2252 953
2253 955
2254 954
2255 946
2256 947
2257 939
2258 953
2259 957
2260 939
2261 938
2262 951
2263 929
2264 955
2265 958
2266 950
2267 953
2268 957
2269 946
2270 954
2271 944
2272 957
2273 961
2274 945
2275 936
2276 947
2277 957
2278 937
2279 952
2280 960
2281 946
2282 937
2283 950
2284 941
2285 945
2286 950
2287 955
2288 951
2289 944
2290 950
2291 955
2292 952
2293 942
2294 952
2295 942
2296 956
2297 955
2298 957
2299 946
2300 954
2301 943
2302 956
2303 951
2304 947
2305 940
2306 949
2307 959
2308 959
2309 942
2310 957
2311 954
2312 948
2313 947
2314 963
2315 962
2316 950
2317 942
2318 965
2319 959
2320 950
2321 939
2322 956
2323 948
2324 952
2325 949
2326 954
2327 965
2328 948
2329 946
2330 951
2331 948
2332 954
2333 960
2334 950
2335 958
2336 957
2337 954
2338 941
2339 961
2340 939
2341 944
2342 958
2343 954
2344 936
2345 952
2346 960
2347 948
2348 958
2349 946
2350 952
2351 942
2352 965
2353 952
2354 943
2355 950
2356 949
2357 947
2358 946
2359 953
2360 967
2361 952
2362 948
2363 953
2364 953
2365 949
2366 960
2367 958
2368 951
2369 962
2370 954
2371 950
2372 941
2373 956
2374 951
2375 955
2376 962
2377 959
2378 954
2379 954
2380 950
2381 944
2382 963
2383 960
2384 947
2385 955
2386 955
2387 960
2388 959
2389 960
2390 941
2391 956
2392 956
2393 954
2394 961
2395 954
2396 957
2397 968
2398 951
2399 952
2400 947
2401 952
2402 962
2403 944
2404 943
2405 961
2406 948
2407 948
2408 949
2409 953
2410 957
2411 946
2412 961
2413 940
2414 947
2415 951
2416 959
2417 960
2418 954
2419 948
2420 938
2421 947
2422 950
2423 947
2424 948
2425 949
2426 954
2427 954
2428 948
2429 952
2430 949
2431 947
2432 946
2433 951
2434 948
2435 949
2436 945
2437 952
2438 953
2439 952
2440 956
2441 968
2442 952
2443 944
2444 955
2445 959
2446 963
2447 956
2448 946
2449 945
2450 950
2451 962
2452 951
2453 944
2454 955
2455 969
2456 947
2457 968
2458 953
2459 958
2460 952
2461 945
2462 955
2463 948
2464 954
2465 944
2466 945
2467 946
2468 947
2469 948
2470 951
2471 950
2472 948
2473 945
2474 937
2475 944
2476 949
2477 959
2478 964
2479 938
2480 947
2481 950
2482 952
2483 950
2484 944
2485 947
2486 947
2487 940
2488 959
2489 951
2490 951
2491 934
2492 946
2493 949
2494 953
2495 954
2496 959
2497 953
2498 955
2499 955
2500 951
2501 946
2502 946
2503 936
2504 950
2505 954
2506 957
2507 951
2508 941
2509 948
2510 953
2511 952
2512 954
2513 966
2514 953
2515 962
2516 957
2517 949
2518 957
2519 951
2520 949
2521 960
2522 938
2523 962
2524 952
2525 953
2526 949
2527 948
2528 949
2529 957
2530 950
2531 945
2532 952
2533 946
2534 955
2535 943
2536 949
2537 945
2538 936
2539 955
2540 960
2541 940
2542 960
2543 956
2544 959
2545 956
2546 958
2547 946
2548 939
2549 948
2550 953
2551 958
2552 958
2553 953
2554 950
2555 957
2556 954
2557 947
2558 961
2559 948
2560 956
2561 954
2562 953
2563 963
2564 950
2565 957
2566 954
2567 954
2568 959
2569 953
2570 956
2571 968
2572 962
2573 945
2574 960
2575 946
2576 955
2577 958
2578 946
2579 945
2580 949
2581 958
2582 953
2583 955
2584 951
2585 947
2586 955
2587 952
2588 956
2589 957
2590 955
2591 946
2592 958
2593 957
2594 957
2595 962
2596 952
2597 958
2598 963
2599 962
2600 953
2601 954
2602 958
2603 944
2604 958
2605 950
2606 954
2607 945
2608 958
2609 943
2610 955
2611 952
2612 958
2613 954
2614 957
2615 950
2616 957
2617 960
2618 965
2619 960
2620 964
2621 956
2622 952
2623 942
2624 967
2625 953
2626 957
2627 961
2628 956
2629 956
2630 955
2631 953
2632 955
2633 962
2634 944
2635 964
2636 945
2637 945
2638 949
2639 955
2640 948
2641 958
2642 966
2643 945
2644 948
2645 948
2646 957
2647 945
2648 944
2649 954
2650 947
2651 941
2652 956
2653 948
2654 955
2655 956
2656 958
2657 953
2658 945
2659 960
2660 952
2661 950
2662 955
2663 955
2664 944
2665 954
2666 948
2667 953
2668 948
2669 956
2670 947
2671 962
2672 951
2673 944
2674 946
2675 955
2676 958
2677 942
2678 952
2679 959
2680 939
2681 959
2682 950
2683 953
2684 956
2685 955
2686 959
2687 957
2688 946
2689 953
2690 957
2691 962
2692 947
2693 950
2694 946
2695 953
2696 953
2697 963
2698 946
2699 954
2700 960
2701 950
2702 949
2703 961
2704 954
2705 951
2706 946
2707 950
2708 934
2709 955
2710 952
2711 942
2712 952
2713 954
2714 961
2715 951
2716 946
2717 947
2718 947
2719 960
2720 957
2721 953
2722 966
2723 946
2724 946
2725 971
2726 945
2727 959
2728 954
2729 955
2730 959
2731 962
2732 961
2733 956
2734 960
2735 955
2736 952
2737 960
2738 958
2739 954
2740 958
2741 953
2742 956
2743 962
2744 963
2745 965
2746 957
2747 953
2748 954
2749 948
2750 945
2751 960
2752 965
2753 950
2754 961
2755 939
2756 959
2757 962
2758 956
2759 937
2760 964
2761 954
2762 958
2763 952
2764 970
2765 951
2766 964
2767 955
2768 957
2769 950
2770 954
2771 957
2772 950
2773 958
2774 960
2775 956
2776 954
2777 955
2778 966
2779 958
2780 956
2781 945
2782 962
2783 956
2784 954
2785 955
2786 953
2787 966
2788 949
2789 962
2790 955
2791 949
2792 957
2793 950
2794 967
2795 958
2796 959
2797 958
2798 949
2799 952
2800 952
2801 961
2802 951
2803 966
2804 944
2805 963
2806 958
2807 960
2808 962
2809 952
2810 951
2811 953
2812 956
2813 945
2814 950
2815 942
2816 953
2817 952
2818 959
2819 956
2820 947
2821 963
2822 969
2823 952
2824 955
2825 955
2826 957
2827 950
2828 959
2829 940
2830 952
2831 960
2832 954
2833 947
2834 944
2835 962
2836 952
2837 962
2838 960
2839 949
2840 960
2841 963
2842 951
2843 952
2844 958
2845 968
2846 953
2847 961
2848 946
2849 954
2850 951
2851 956
2852 955
2853 934
2854 950
2855 953
2856 956
2857 965
2858 964
2859 957
2860 963
2861 950
2862 953
2863 963
2864 949
2865 940
2866 958
2867 946
2868 953
2869 963
2870 961
2871 957
2872 958
2873 964
2874 945
2875 950
2876 965
2877 955
2878 962
2879 956
2880 961
2881 938
2882 953
2883 955
2884 954
2885 963
2886 956
2887 953
2888 956
2889 967
2890 960
2891 958
2892 949
2893 955
2894 956
2895 961
2896 963
2897 956
2898 943
2899 955
2900 952
2901 955
2902 961
2903 968
2904 952
2905 963
2906 957
2907 959
2908 956
2909 953
2910 957
2911 956
2912 960
2913 954
2914 958
2915 960
2916 951
2917 956
2918 968
2919 959
2920 964
2921 964
2922 953
2923 963
2924 959
2925 952
2926 950
2927 962
2928 953
2929 954
2930 944
2931 960
2932 964
2933 942
2934 950
2935 962
2936 959
2937 959
2938 957
2939 963
2940 967
2941 952
2942 953
2943 966
2944 957
2945 955
2946 954
2947 946
2948 958
2949 956
2950 954
2951 956
2952 954
2953 942
2954 949
2955 960
2956 953
2957 951
2958 959
2959 961
2960 960
2961 945
2962 961
2963 960
2964 964
2965 958
2966 957
2967 961
2968 959
2969 948
2970 947
2971 949
2972 963
2973 959
2974 963
2975 961
2976 942
2977 955
2978 955
2979 963
2980 947
2981 953
2982 963
2983 965
2984 958
2985 955
2986 953
2987 965
2988 941
2989 956
2990 953
2991 965
2992 963
2993 962
2994 961
2995 957
2996 954
2997 970
2998 948
2999 950
3000 956
3001 972
3002 955
3003 961
3004 959
3005 957
3006 962
3007 957
3008 961
3009 959
3010 957
3011 959
3012 946
3013 964
3014 969
3015 952
3016 962
3017 961
3018 961
3019 963
3020 969
3021 963
3022 966
3023 951
3024 958
3025 947
3026 960
3027 956
3028 961
3029 953
3030 963
3031 948
3032 951
3033 956
3034 964
3035 967
3036 964
3037 971
3038 958
3039 958
3040 942
3041 961
3042 963
3043 959
3044 959
3045 954
3046 966
3047 952
3048 942
3049 952
3050 966
3051 957
3052 966
3053 952
3054 964
3055 951
3056 959
3057 966
3058 970
3059 950
3060 972
3061 963
3062 955
3063 950
3064 966
3065 969
3066 953
3067 960
3068 950
3069 961
3070 955
3071 951
3072 963
3073 969
3074 948
3075 949
3076 954
3077 957
3078 951
3079 958
3080 950
3081 963
3082 960
3083 960
3084 954
3085 963
3086 957
3087 963
3088 951
3089 958
3090 958
3091 959
3092 949
3093 956
3094 957
3095 970
3096 960
3097 959
3098 954
3099 949
3100 962
3101 950
3102 958
3103 957
3104 957
3105 949
3106 968
3107 955
3108 966
3109 957
3110 962
3111 966
3112 954
3113 959
3114 953
3115 957
3116 970
3117 960
3118 955
3119 961
3120 958
3121 952
3122 956
3123 957
3124 962
3125 960
3126 953
3127 952
3128 963
3129 958
3130 954
3131 957
3132 960
3133 957
3134 958
3135 961
3136 961
3137 964
3138 964
3139 963
3140 948
3141 958
3142 960
3143 966
3144 971
3145 974
3146 958
3147 964
3148 955
3149 970
3150 964
3151 956
3152 959
3153 951
3154 964
3155 959
3156 951
3157 957
3158 965
3159 950
3160 958
3161 964
3162 965
3163 955
3164 959
3165 947
3166 962
3167 958
3168 957
3169 960
3170 963
3171 963
3172 947
3173 960
3174 949
3175 961
3176 966
3177 964
3178 955
3179 960
3180 947
3181 953
3182 962
3183 960
3184 949
3185 968
3186 963
3187 941
3188 958
3189 959
3190 963
3191 958
3192 958
3193 955
3194 966
3195 950
3196 962
3197 944
3198 959
3199 962
3200 957
3201 963
3202 955
3203 958
3204 959
3205 955
3206 966
3207 938
3208 964
3209 968
3210 958
3211 965
3212 954
3213 959
3214 965
3215 961
3216 957
3217 961
3218 965
3219 960
3220 965
3221 963
3222 956
3223 946
3224 959
3225 960
3226 958
3227 961
3228 958
3229 952
3230 954
3231 962
3232 949
3233 953
3234 975
3235 960
3236 945
3237 960
3238 963
3239 955
3240 961
3241 956
3242 966
3243 948
3244 960
3245 953
3246 967
3247 960
3248 960
3249 955
3250 951
3251 972
3252 954
3253 962
3254 969
3255 964
3256 961
3257 968
3258 948
3259 969
3260 960
3261 958
3262 960
3263 955
3264 954
3265 956
3266 962
3267 964
3268 960
3269 945
3270 962
3271 960
3272 965
3273 955
3274 945
3275 971
3276 960
3277 959
3278 960
3279 957
3280 964
3281 958
3282 956
3283 954
3284 961
3285 965
3286 953
3287 959
3288 954
3289 955
3290 954
3291 966
3292 969
3293 944
3294 962
3295 962
3296 965
3297 948
3298 959
3299 964
3300 953
3301 959
3302 958
3303 967
3304 962
3305 961
3306 957
3307 959
3308 966
3309 954
3310 956
3311 956
3312 963
3313 958
3314 956
3315 953
3316 964
3317 961
3318 952
3319 942
3320 969
3321 954
3322 953
3323 952
3324 953
3325 960
3326 964
3327 961
3328 962
3329 961
3330 956
3331 957
3332 956
3333 961
3334 970
3335 960
3336 958
3337 961
3338 961
3339 964
3340 960
3341 936
3342 963
3343 965
3344 957
3345 964
3346 958
3347 958
3348 962
3349 960
3350 956
3351 962
3352 956
3353 959
3354 959
3355 951
3356 954
3357 965
3358 965
3359 953
3360 961
3361 959
3362 953
3363 956
3364 966
3365 964
3366 961
3367 959
3368 949
3369 962
3370 966
3371 969
3372 961
3373 949
3374 958
3375 960
3376 967
3377 965
3378 960
3379 967
3380 962
3381 946
3382 965
3383 958
3384 964
3385 962
3386 963
3387 949
3388 958
3389 973
3390 953
3391 976
3392 956
3393 966
3394 962
3395 960
3396 960
3397 970
3398 964
3399 959
3400 965
3401 959
3402 956
3403 964
3404 955
3405 963
3406 960
3407 960
3408 956
3409 975
3410 952
3411 965
3412 963
3413 951
3414 953
3415 963
3416 961
3417 961
3418 963
3419 956
3420 958
3421 962
3422 960
3423 959
3424 956
3425 955
3426 959
3427 966
3428 967
3429 965
3430 957
3431 966
3432 954
3433 954
3434 961
3435 968
3436 958
3437 961
3438 958
3439 960
3440 957
3441 961
3442 959
3443 962
3444 967
3445 959
3446 964
3447 947
3448 954
3449 960
3450 971
3451 963
3452 969
3453 974
3454 955
3455 967
3456 945
3457 952
3458 968
3459 963
3460 962
3461 962
3462 948
3463 959
3464 958
3465 956
3466 963
3467 949
3468 958
3469 966
3470 950
3471 966
3472 953
3473 960
3474 957
3475 962
3476 957
3477 962
3478 958
3479 963
3480 959
3481 962
3482 966
3483 957
3484 950
3485 963
3486 965
3487 964
3488 957
3489 967
3490 966
3491 956
3492 973
3493 956
3494 958
3495 962
3496 962
3497 962
3498 955
3499 961
3500 958
3501 960
3502 954
3503 953
3504 961
3505 969
3506 972
3507 965
3508 949
3509 973
3510 961
3511 955
3512 956
3513 949
3514 967
3515 959
3516 966
3517 968
3518 963
3519 960
3520 958
3521 958
3522 957
3523 966
3524 966
3525 960
3526 959
3527 959
3528 953
3529 966
3530 957
3531 968
3532 959
3533 955
3534 957
3535 958
3536 959
3537 967
3538 963
3539 959
3540 970
3541 960
3542 967
3543 957
3544 958
3545 965
3546 961
3547 960
3548 960
3549 958
3550 964
3551 954
3552 963
3553 949
3554 965
3555 961
3556 955
3557 950
3558 964
3559 955
3560 960
3561 960
3562 968
3563 958
3564 973
3565 957
3566 955
3567 951
3568 964
3569 951
3570 965
3571 959
3572 958
3573 964
3574 952
3575 958
3576 953
3577 965
3578 957
3579 964
3580 953
3581 971
3582 967
3583 961
3584 961
3585 956
3586 960
3587 968
3588 963
3589 957
3590 962
3591 955
3592 956
3593 965
3594 966
3595 958
3596 964
3597 961
3598 967
3599 961
3600 957
3601 957
3602 965
3603 962
3604 946
3605 952
3606 963
3607 969
3608 953
3609 971
3610 962
3611 963
3612 970
3613 959
3614 964
3615 965
3616 964
3617 965
3618 962
3619 965
3620 957
3621 957
3622 955
3623 943
3624 964
3625 959
3626 960
3627 966
3628 958
3629 962
3630 964
3631 973
3632 959
3633 960
3634 962
3635 954
3636 967
3637 959
3638 955
3639 963
3640 954
3641 963
3642 969
3643 958
3644 960
3645 964
3646 956
3647 970
3648 967
3649 961
3650 955
3651 968
3652 953
3653 972
3654 961
3655 953
3656 959
3657 967
3658 959
3659 962
3660 961
3661 956
3662 959
3663 964
3664 969
3665 972
3666 959
3667 956
3668 957
3669 967
3670 960
3671 968
3672 959
3673 946
3674 964
3675 965
3676 964
3677 959
3678 958
3679 960
3680 968
3681 961
3682 954
3683 953
3684 955
3685 961
3686 965
3687 959
3688 974
3689 965
3690 974
3691 965
3692 955
3693 952
3694 963
3695 964
3696 963
3697 962
3698 957
3699 957
3700 967
3701 961
3702 956
3703 966
3704 961
3705 958
3706 965
3707 967
3708 955
3709 966
3710 960
3711 968
3712 969
3713 966
3714 960
3715 961
3716 973
3717 963
3718 957
3719 952
3720 965
3721 959
3722 965
3723 966
3724 969
3725 963
3726 960
3727 958
3728 956
3729 965
3730 962
3731 960
3732 964
3733 964
3734 958
3735 953
3736 951
3737 963
3738 959
3739 956
3740 967
3741 956
3742 954
3743 962
3744 966
3745 961
3746 956
3747 962
3748 962
3749 958
3750 964
3751 954
3752 954
3753 966
3754 968
3755 966
3756 971
3757 957
3758 966
3759 965
3760 964
3761 954
3762 966
3763 954
3764 963
3765 958
3766 953
3767 964
3768 958
3769 962
3770 959
3771 957
3772 963
3773 950
3774 954
3775 958
3776 962
3777 975
3778 957
3779 956
3780 952
3781 968
3782 960
3783 959
3784 963
3785 969
3786 957
3787 962
3788 958
3789 963
3790 957
3791 966
3792 963
3793 964
3794 960
3795 960
3796 948
3797 953
3798 965
3799 973
3800 964
3801 954
3802 967
3803 961
3804 950
3805 956
3806 963
3807 954
3808 963
3809 966
3810 960
3811 958
3812 955
3813 961
3814 962
3815 957
3816 959
3817 958
3818 970
3819 969
3820 968
3821 966
3822 961
3823 973
3824 963
3825 955
3826 954
3827 976
3828 967
3829 958
3830 948
3831 950
3832 963
3833 955
3834 966
3835 955
3836 961
3837 948
3838 968
3839 962
3840 966
3841 964
3842 969
3843 969
3844 966
3845 968
3846 961
3847 956
3848 965
3849 959
3850 970
3851 966
3852 967
3853 965
3854 962
3855 961
3856 968
3857 956
3858 951
3859 964
3860 973
3861 969
3862 957
3863 949
3864 961
3865 958
3866 957
3867 969
3868 965
3869 968
3870 962
3871 957
3872 961
3873 965
3874 974
3875 963
3876 963
3877 949
3878 969
3879 960
3880 961
3881 971
3882 966
3883 964
3884 964
3885 954
3886 964
3887 971
3888 970
3889 961
3890 962
3891 951
3892 961
3893 963
3894 968
3895 958
3896 964
3897 952
3898 958
3899 969
3900 947
3901 974
3902 960
3903 965
3904 962
3905 971
3906 954
3907 963
3908 965
3909 960
3910 958
3911 964
3912 959
3913 965
3914 969
3915 952
3916 962
3917 977
3918 958
3919 965
3920 970
3921 952
3922 956
3923 963
3924 961
3925 959
3926 974
3927 965
3928 967
3929 962
3930 955
3931 967
3932 972
3933 970
3934 963
3935 971
3936 950
3937 972
3938 943
3939 972
3940 964
3941 966
3942 959
3943 961
3944 964
3945 966
3946 960
3947 957
3948 957
3949 966
3950 951
3951 955
3952 974
3953 956
3954 951
3955 956
3956 969
3957 963
3958 957
3959 960
3960 959
3961 960
3962 976
3963 955
3964 957
3965 968
3966 962
3967 951
3968 965
3969 962
3970 960
3971 958
3972 965
3973 964
3974 970
3975 961
3976 965
3977 956
3978 953
3979 956
3980 969
3981 972
3982 958
3983 967
3984 974
3985 963
3986 955
3987 961
3988 973
3989 964
3990 967
3991 964
3992 968
3993 968
3994 960
3995 960
3996 959
3997 960
3998 962
3999 965
4000 962
4001 963
4002 963
4003 958
4004 965
4005 963
4006 958
4007 958
4008 960
4009 965
4010 967
4011 955
4012 957
4013 954
4014 967
4015 959
4016 975
4017 946
4018 957
4019 970
4020 966
4021 966
4022 967
4023 966
4024 960
4025 958
4026 960
4027 969
4028 968
4029 963
4030 967
4031 964
4032 967
4033 966
4034 958
4035 964
4036 968
4037 962
4038 973
4039 963
4040 966
4041 957
4042 962
4043 958
4044 958
4045 965
4046 960
4047 964
4048 959
4049 964
4050 962
4051 966
4052 970
4053 960
4054 966
4055 966
4056 958
4057 959
4058 962
4059 960
4060 964
4061 966
4062 940
4063 962
4064 970
4065 953
4066 968
4067 967
4068 962
4069 968
4070 959
4071 960
4072 962
4073 970
4074 966
4075 970
4076 962
4077 960
4078 965
4079 956
4080 970
4081 970
4082 960
4083 965
4084 964
4085 960
4086 976
4087 955
4088 963
4089 975
4090 954
4091 970
4092 964
4093 968
4094 966
4095 973
4096 961
4097 968
4098 957
4099 965
4100 956
4101 971
4102 956
4103 956
4104 961
4105 966
4106 960
4107 956
4108 966
4109 958
4110 960
4111 962
4112 965
4113 967
4114 966
4115 956
4116 965
4117 955
4118 963
4119 963
4120 972
4121 958
4122 975
4123 964
4124 972
4125 954
4126 960
4127 962
4128 965
4129 971
4130 957
4131 971
4132 958
4133 968
4134 957
4135 967
4136 962
4137 960
4138 968
4139 965
4140 973
4141 962
4142 963
4143 970
4144 970
4145 969
4146 960
4147 962
4148 944
4149 962
4150 969
4151 969
4152 964
4153 946
4154 963
4155 974
4156 960
4157 959
4158 957
4159 971
4160 975
4161 971
4162 958
4163 961
4164 957
4165 960
4166 956
4167 964
4168 968
4169 959
4170 964
4171 963
4172 971
4173 957
4174 968
4175 957
4176 969
4177 959
4178 960
4179 972
4180 958
4181 949
4182 962
4183 968
4184 958
4185 970
4186 959
4187 958
4188 970
4189 957
4190 961
4191 961
4192 960
4193 956
4194 955
4195 957
4196 972
4197 965
4198 970
4199 965
4200 961
4201 957
4202 948
4203 961
4204 958
4205 958
4206 966
4207 969
4208 973
4209 963
4210 968
4211 966
4212 968
4213 956
4214 961
4215 961
4216 966
4217 964
4218 955
4219 975
4220 961
4221 967
4222 959
4223 955
4224 968
4225 963
4226 958
4227 971
4228 954
4229 960
4230 954
4231 973
4232 958
4233 964
4234 959
4235 957
4236 965
4237 953
4238 974
4239 957
4240 961
4241 955
4242 962
4243 965
4244 970
4245 957
4246 971
4247 976
4248 969
4249 961
4250 962
4251 971
4252 965
4253 973
4254 956
4255 966
4256 959
4257 972
4258 966
4259 966
4260 968
4261 969
4262 967
4263 958
4264 957
4265 968
4266 967
4267 962
4268 956
4269 964
4270 964
4271 967
4272 955
4273 953
4274 959
4275 965
4276 963
4277 958
4278 962
4279 968
4280 966
4281 968
4282 957
4283 966
4284 961
4285 957
4286 950
4287 963
4288 963
4289 964
4290 967
4291 980
4292 974
4293 962
4294 965
4295 962
4296 971
4297 942
4298 970
4299 969
4300 965
4301 961
4302 964
4303 957
4304 962
4305 960
4306 977
4307 966
4308 965
4309 970
4310 965
4311 961
4312 960
4313 962
4314 974
4315 974
4316 952
4317 969
4318 962
4319 963
4320 969
4321 959
4322 965
4323 962
4324 963
4325 960
4326 961
4327 960
4328 966
4329 977
4330 968
4331 965
4332 970
4333 966
4334 963
4335 967
4336 964
4337 965
4338 969
4339 960
4340 958
4341 963
4342 958
4343 968
4344 965
4345 968
4346 964
4347 965
4348 967
4349 967
4350 969
4351 966
4352 962
4353 968
4354 968
4355 966
4356 972
4357 965
4358 963
4359 969
4360 959
4361 968
4362 958
4363 979
4364 961
4365 970
4366 965
4367 966
4368 959
4369 963
4370 963
4371 968
4372 958
4373 967
4374 954
4375 963
4376 970
4377 963
4378 965
4379 965
4380 966
4381 958
4382 965
4383 968
4384 960
4385 966
4386 965
4387 972
4388 975
4389 969
4390 978
4391 961
4392 954
4393 967
4394 963
4395 968
4396 956
4397 965
4398 952
4399 960
4400 971
4401 961
4402 961
4403 965
4404 961
4405 953
4406 965
4407 977
4408 967
4409 961
4410 965
4411 969
4412 968
4413 967
4414 958
4415 964
4416 970
4417 967
4418 973
4419 966
4420 971
4421 960
4422 963
4423 975
4424 959
4425 957
4426 963
4427 962
4428 973
4429 965
4430 966
4431 974
4432 971
4433 962
4434 972
4435 955
4436 962
4437 974
4438 961
4439 969
4440 961
4441 967
4442 966
4443 968
4444 957
4445 960
4446 972
4447 969
4448 960
4449 959
4450 976
4451 958
4452 964
4453 960
4454 967
4455 970
4456 954
4457 962
4458 966
4459 965
4460 963
4461 970
4462 965
4463 955
4464 972
4465 955
4466 963
4467 966
4468 955
4469 951
4470 970
4471 973
4472 971
4473 966
4474 950
4475 962
4476 973
4477 963
4478 962
4479 969
4480 972
4481 960
4482 955
4483 975
4484 966
4485 964
4486 961
4487 964
4488 965
4489 964
4490 960
4491 961
4492 962
4493 966
4494 962
4495 980
4496 974
4497 964
4498 963
4499 963
4500 957
4501 974
4502 965
4503 962
4504 969
4505 975
4506 964
4507 958
4508 968
4509 963
4510 953
4511 960
4512 967
4513 973
4514 973
4515 969
4516 966
4517 966
4518 968
4519 960
4520 947
4521 970
4522 972
4523 960
4524 979
4525 972
4526 951
4527 972
4528 963
4529 967
4530 962
4531 956
4532 962
4533 958
4534 965
4535 975
4536 969
4537 956
4538 955
4539 965
4540 959
4541 961
4542 968
4543 958
4544 959
4545 964
4546 963
4547 957
4548 969
4549 961
4550 956
4551 967
4552 965
4553 960
4554 970
4555 967
4556 966
4557 959
4558 960
4559 966
4560 959
4561 964
4562 950
4563 972
4564 958
4565 974
4566 961
4567 963
4568 964
4569 963
4570 975
4571 976
4572 970
4573 962
4574 964
4575 971
4576 960
4577 968
4578 968
4579 956
4580 972
4581 963
4582 965
4583 962
4584 963
4585 964
4586 966
4587 964
4588 961
4589 970
4590 967
4591 959
4592 960
4593 957
4594 970
4595 975
4596 971
4597 971
4598 958
4599 961
4600 966
4601 960
4602 965
4603 969
4604 967
4605 972
4606 957
4607 962
4608 967
4609 963
4610 964
4611 974
4612 970
4613 972
4614 973
4615 968
4616 957
4617 959
4618 965
4619 970
4620 960
4621 963
4622 970
4623 966
4624 961
4625 975
4626 972
4627 967
4628 964
4629 972
4630 955
4631 956
4632 970
4633 966
4634 963
4635 966
4636 969
4637 964
4638 968
4639 965
4640 964
4641 973
4642 972
4643 973
4644 973
4645 972
4646 955
4647 969
4648 954
4649 961
4650 958
4651 963
4652 968
4653 975
4654 968
4655 972
4656 964
4657 968
4658 969
4659 962
4660 963
4661 967
4662 970
4663 968
4664 966
4665 975
4666 970
4667 966
4668 968
4669 978
4670 968
4671 968
4672 960
4673 970
4674 968
4675 972
4676 963
4677 969
4678 966
4679 955
4680 966
4681 975
4682 962
4683 977
4684 973
4685 972
4686 956
4687 974
4688 965
4689 967
4690 963
4691 964
4692 972
4693 958
4694 967
4695 970
4696 968
4697 968
4698 963
4699 967
4700 967
4701 971
4702 967
4703 961
4704 967
4705 966
4706 973
4707 966
4708 961
4709 971
4710 969
4711 977
4712 964
4713 965
4714 960
4715 971
4716 974
4717 967
4718 981
4719 980
4720 966
4721 970
4722 976
4723 964
4724 963
4725 956
4726 962
4727 964
4728 970
4729 957
4730 961
4731 964
4732 973
4733 973
4734 968
4735 964
4736 967
4737 962
4738 980
4739 969
4740 971
4741 966
4742 970
4743 971
4744 963
4745 965
4746 967
4747 963
4748 961
4749 963
4750 974
4751 975
4752 972
4753 967
4754 960
4755 967
4756 968
4757 966
4758 962
4759 964
4760 969
4761 961
4762 967
4763 966
4764 967
4765 968
4766 973
4767 963
4768 972
4769 968
4770 967
4771 961
4772 965
4773 962
4774 971
4775 957
4776 972
4777 962
4778 967
4779 970
4780 957
4781 971
4782 962
4783 961
4784 961
4785 966
4786 971
4787 974
4788 968
4789 976
4790 957
4791 963
4792 960
4793 949
4794 966
4795 972
4796 965
4797 970
4798 973
4799 965
4800 958
4801 956
4802 970
4803 963
4804 973
4805 967
4806 972
4807 973
4808 964
4809 967
4810 967
4811 966
4812 970
4813 969
4814 966
4815 966
4816 968
4817 970
4818 959
4819 970
4820 973
4821 971
4822 968
4823 970
4824 968
4825 969
4826 958
4827 967
4828 967
4829 972
4830 970
4831 965
4832 955
4833 967
4834 962
4835 965
4836 962
4837 957
4838 977
4839 968
4840 967
4841 976
4842 964
4843 968
4844 970
4845 965
4846 964
4847 969
4848 967
4849 961
4850 977
4851 963
4852 965
4853 965
4854 968
4855 969
4856 975
4857 962
4858 963
4859 960
4860 957
4861 970
4862 970
4863 968
4864 973
4865 968
4866 966
4867 973
4868 964
4869 955
4870 966
4871 969
4872 971
4873 962
4874 959
4875 974
4876 972
4877 970
4878 972
4879 966
4880 972
4881 972
4882 962
4883 954
4884 970
4885 975
4886 971
4887 973
4888 958
4889 967
4890 972
4891 973
4892 964
4893 966
4894 960
4895 964
4896 964
4897 969
4898 960
4899 966
4900 966
4901 965
4902 963
4903 969
4904 966
4905 971
4906 960
4907 968
4908 972
4909 962
4910 968
4911 978
4912 967
4913 964
4914 973
4915 969
4916 967
4917 954
4918 973
4919 966
4920 970
4921 964
4922 969
4923 965
4924 959
4925 966
4926 961
4927 974
4928 965
4929 964
4930 960
4931 970
4932 965
4933 967
4934 972
4935 972
4936 962
4937 975
4938 967
4939 963
4940 960
4941 959
4942 964
4943 969
4944 975
4945 975
4946 971
4947 970
4948 979
4949 959
4950 967
4951 956
4952 966
4953 959
4954 965
4955 963
4956 972
4957 971
4958 955
4959 962
4960 962
4961 974
4962 965
4963 958
4964 971
4965 965
4966 976
4967 965
4968 967
4969 961
4970 966
4971 961
4972 974
4973 965
4974 975
4975 965
4976 973
4977 976
4978 968
4979 971
4980 964
4981 974
4982 960
4983 965
4984 961
4985 977
4986 967
4987 960
4988 972
4989 962
4990 954
4991 969
4992 975
4993 967
4994 973
4995 965
4996 962
4997 975
4998 968
4999 972
