0 1000
1 1898
2 2101
3 2119
4 2022
5 1889
6 1811
7 1726
8 1733
9 1686
10 1634
11 1628
12 1608
13 1573
14 1562
15 1517
16 1489
17 1463
18 1450
19 1412
20 1423
21 1432
22 1413
23 1407
24 1350
25 1396
26 1376
27 1351
28 1328
29 1320
30 1333
31 1323
32 1339
33 1339
34 1273
35 1316
36 1318
37 1315
38 1298
39 1297
40 1281
41 1294
42 1279
43 1256
44 1260
45 1223
46 1207
47 1233
48 1210
49 1240
50 1217
51 1248
52 1239
53 1234
54 1218
55 1226
56 1212
57 1229
58 1234
59 1234
60 1208
61 1222
62 1191
63 1204
64 1171
65 1168
66 1191
67 1169
68 1201
69 1187
70 1197
71 1199
72 1193
73 1171
74 1204
75 1177
76 1176
77 1156
78 1194
79 1189
80 1175
81 1178
82 1176
83 1172
84 1155
85 1138
86 1175
87 1150
88 1128
89 1131
90 1156
91 1142
92 1140
93 1152
94 1157
95 1141
96 1145
97 1155
98 1136
99 1144
100 1146
101 1140
102 1154
103 1126
104 1139
105 1134
106 1145
107 1118
108 1129
109 1131
110 1112
111 1136
112 1120
113 1133
114 1133
115 1125
116 1115
117 1125
118 1121
119 1106
120 1121
121 1128
122 1136
123 1125
124 1134
125 1117
126 1129
127 1144
128 1138
129 1114
130 1110
131 1120
132 1128
133 1105
134 1110
135 1122
136 1116
137 1117
138 1114
139 1098
140 1115
141 1118
142 1123
143 1107
144 1107
145 1127
146 1107
147 1104
148 1114
149 1106
150 1115
151 1111
152 1128
153 1112
154 1093
155 1090
156 1088
157 1098
158 1086
159 1083
160 1083
161 1075
162 1073
163 1078
164 1081
165 1068
166 1067
167 1069
168 1088
169 1072
170 1079
171 1070
172 1079
173 1079
174 1072
175 1073
176 1077
177 1082
178 1083
179 1071
180 1092
181 1090
182 1097
183 1081
184 1074
185 1077
186 1088
187 1069
188 1090
189 1073
190 1089
191 1096
192 1095
193 1096
194 1098
195 1091
196 1083
197 1084
198 1073
199 1067
200 1078
201 1084
202 1069
203 1067
204 1074
205 1083
206 1084
207 1080
208 1078
209 1066
210 1069
211 1071
212 1060
213 1071
214 1078
215 1071
216 1073
217 1072
218 1064
219 1067
220 1085
221 1096
222 1102
223 1071
224 1073
225 1076
226 1088
227 1086
228 1090
229 1085
230 1070
231 1080
232 1074
233 1070
234 1081
235 1072
236 1064
237 1070
238 1077
239 1071
240 1068
241 1060
242 1084
243 1077
244 1084
245 1067
246 1076
247 1076
248 1068
249 1072
250 1075
251 1067
252 1073
253 1069
254 1061
255 1063
256 1074
257 1069
258 1068
259 1059
260 1053
261 1050
262 1053
263 1058
264 1061
265 1066
266 1061
267 1053
268 1064
269 1069
270 1062
271 1070
272 1067
273 1060
274 1060
275 1063
276 1061
277 1064
278 1064
279 1073
280 1063
281 1065
282 1062
283 1060
284 1072
285 1050
286 1062
287 1060
288 1066
289 1069
290 1053
291 1052
292 1065
293 1064
294 1071
295 1068
296 1088
297 1077
298 1071
299 1071
300 1061
301 1066
302 1074
303 1063
304 1055
305 1056
306 1053
307 1064
308 1055
309 1060
310 1059
311 1061
312 1059
313 1060
314 1061
315 1064
316 1054
317 1054
318 1056
319 1059
320 1060
321 1061
322 1066
323 1066
324 1065
325 1066
326 1062
327 1054
328 1060
329 1056
330 1055
331 1053
332 1059
333 1064
334 1065
335 1068
336 1068
337 1075
338 1061
339 1074
340 1069
341 1080
342 1062
343 1082
344 1063
345 1071
346 1059
347 1061
348 1066
349 1070
350 1050
351 1061
352 1060
353 1058
354 1071
355 1059
356 1050
357 1059
358 1066
359 1065
360 1059
361 1063
362 1054
363 1055
364 1071
365 1071
366 1073
367 1088
368 1071
369 1071
370 1077
371 1089
372 1062
373 1071
374 1061
375 1064
376 1070
377 1071
378 1052
379 1077
380 1059
381 1051
382 1058
383 1058
384 1067
385 1069
386 1072
387 1059
388 1071
389 1053
390 1051
391 1046
392 1060
393 1057
394 1069
395 1062
396 1054
397 1059
398 1064
399 1074
400 1048
401 1058
402 1067
403 1055
404 1059
405 1065
406 1059
407 1073
408 1063
409 1062
410 1069
411 1057
412 1054
413 1056
414 1055
415 1054
416 1056
417 1057
418 1061
419 1052
420 1049
421 1062
422 1054
423 1054
424 1051
425 1054
426 1059
427 1056
428 1052
429 1048
430 1051
431 1064
432 1052
433 1065
434 1062
435 1056
436 1058
437 1060
438 1048
439 1049
440 1049
441 1054
442 1053
443 1067
444 1042
445 1051
446 1050
447 1055
448 1063
449 1052
450 1062
451 1065
452 1061
453 1060
454 1062
455 1052
456 1052
457 1064
458 1059
459 1050
460 1050
461 1047
462 1061
463 1065
464 1064
465 1060
466 1056
467 1042
468 1035
469 1053
470 1050
471 1059
472 1060
473 1057
474 1056
475 1060
476 1056
477 1060
478 1051
479 1049
480 1051
481 1041
482 1054
483 1048
484 1057
485 1046
486 1055
487 1055
488 1048
489 1045
490 1047
491 1044
492 1049
493 1045
494 1050
495 1056
496 1040
497 1038
498 1042
499 1049
500 1061
501 1061
502 1068
503 1047
504 1050
505 1064
506 1055
507 1065
508 1052
509 1061
510 1067
511 1059
512 1060
513 1063
514 1052
515 1054
516 1041
517 1053
518 1057
519 1053
520 1048
521 1057
522 1052
523 1049
524 1053
525 1045
526 1047
527 1047
528 1047
529 1052
530 1054
531 1050
532 1047
533 1048
534 1051
535 1055
536 1065
537 1057
538 1058
539 1056
540 1068
541 1056
542 1056
543 1068
544 1054
545 1046
546 1058
547 1052
548 1052
549 1056
550 1054
551 1063
552 1041
553 1050
554 1057
555 1064
556 1054
557 1049
558 1056
559 1056
560 1053
561 1046
562 1047
563 1047
564 1042
565 1048
566 1042
567 1046
568 1046
569 1042
570 1045
571 1037
572 1037
573 1034
574 1049
575 1048
576 1044
577 1040
578 1050
579 1060
580 1057
581 1055
582 1051
583 1062
584 1047
585 1046
586 1050
587 1055
588 1062
589 1055
590 1048
591 1050
592 1050
593 1049
594 1056
595 1057
596 1062
597 1057
598 1065
599 1038
600 1050
601 1046
602 1055
603 1050
604 1045
605 1045
606 1056
607 1053
608 1046
609 1057
610 1054
611 1061
612 1061
613 1073
614 1073
615 1065
616 1067
617 1067
618 1052
619 1056
620 1072
621 1066
622 1066
623 1068
624 1062
625 1093
626 1060
627 1061
628 1065
629 1074
630 1061
631 1063
632 1061
633 1064
634 1057
635 1078
636 1067
637 1060
638 1071
639 1066
640 1061
641 1071
642 1080
643 1084
644 1067
645 1081
646 1090
647 1074
648 1080
649 1075
650 1084
651 1069
652 1057
653 1063
654 1064
655 1066
656 1077
657 1063
658 1072
659 1062
660 1081
661 1065
662 1052
663 1067
664 1083
665 1064
666 1069
667 1062
668 1077
669 1070
670 1073
671 1074
672 1073
673 1084
674 1065
675 1064
676 1076
677 1070
678 1081
679 1067
680 1053
681 1054
682 1065
683 1053
684 1060
685 1047
686 1056
687 1045
688 1047
689 1044
690 1060
691 1058
692 1056
693 1064
694 1066
695 1060
696 1066
697 1069
698 1073
699 1070
700 1073
701 1044
702 1052
703 1058
704 1061
705 1064
706 1068
707 1061
708 1071
709 1066
710 1059
711 1055
712 1061
713 1056
714 1062
715 1049
716 1057
717 1053
718 1045
719 1042
720 1039
721 1052
722 1050
723 1047
724 1041
725 1057
726 1043
727 1053
728 1050
729 1046
730 1048
731 1064
732 1067
733 1050
734 1056
735 1061
736 1049
737 1048
738 1057
739 1060
740 1048
741 1067
742 1051
743 1069
744 1051
745 1061
746 1051
747 1061
748 1064
749 1051
750 1062
751 1056
752 1062
753 1060
754 1048
755 1050
756 1036
757 1047
758 1053
759 1054
760 1058
761 1041
762 1047
763 1061
764 1044
765 1052
766 1048
767 1051
768 1056
769 1055
770 1057
771 1051
772 1052
773 1034
774 1039
775 1044
776 1042
777 1044
778 1042
779 1049
780 1044
781 1042
782 1046
783 1027
784 1049
785 1044
786 1039
787 1039
788 1046
789 1042
790 1045
791 1042
792 1040
793 1040
794 1049
795 1052
796 1035
797 1064
798 1049
799 1046
800 1036
801 1039
802 1033
803 1041
804 1046
805 1049
806 1051
807 1048
808 1048
809 1040
810 1044
811 1046
812 1054
813 1032
814 1038
815 1043
816 1043
817 1042
818 1048
819 1049
820 1042
821 1037
822 1043
823 1048
824 1057
825 1051
826 1053
827 1047
828 1045
829 1049
830 1040
831 1043
832 1046
833 1053
834 1041
835 1042
836 1054
837 1063
838 1046
839 1049
840 1041
841 1034
842 1036
843 1035
844 1039
845 1042
846 1045
847 1051
848 1057
849 1051
850 1055
851 1038
852 1045
853 1043
854 1044
855 1028
856 1037
857 1040
858 1039
859 1042
860 1035
861 1038
862 1047
863 1035
864 1038
865 1049
866 1040
867 1038
868 1037
869 1038
870 1037
871 1040
872 1043
873 1030
874 1046
875 1043
876 1038
877 1042
878 1035
879 1039
880 1036
881 1039
882 1037
883 1040
884 1037
885 1045
886 1049
887 1036
888 1041
889 1039
890 1037
891 1036
892 1043
893 1034
894 1041
895 1045
896 1032
897 1032
898 1035
899 1040
900 1039
901 1049
902 1045
903 1050
904 1044
905 1035
906 1047
907 1036
908 1040
909 1036
910 1037
911 1035
912 1036
913 1034
914 1035
915 1031
916 1036
917 1030
918 1036
919 1037
920 1044
921 1036
922 1030
923 1033
924 1043
925 1042
926 1042
927 1034
928 1044
929 1051
930 1046
931 1030
932 1035
933 1031
934 1032
935 1028
936 1040
937 1032
938 1037
939 1035
940 1030
941 1026
942 1034
943 1034
944 1032
945 1032
946 1035
947 1024
948 1036
949 1035
950 1032
951 1039
952 1033
953 1038
954 1037
955 1031
956 1035
957 1048
958 1034
959 1030
960 1034
961 1036
962 1043
963 1040
964 1035
965 1037
966 1036
967 1033
968 1040
969 1031
970 1037
971 1031
972 1039
973 1026
974 1038
975 1037
976 1025
977 1039
978 1034
979 1035
980 1024
981 1043
982 1034
983 1035
984 1031
985 1028
986 1025
987 1019
988 1024
989 1029
990 1035
991 1030
992 1037
993 1029
994 1045
995 1037
996 1038
997 1030
998 1046
999 1040
1000 1033
1001 1036
1002 1038
1003 1036
1004 1034
1005 1047
1006 1035
1007 1034
1008 1028
1009 1039
1010 1044
1011 1039
1012 1047
1013 1036
1014 1049
1015 1034
1016 1026
1017 1029
1018 1036
1019 1027
1020 1028
1021 1043
1022 1042
1023 1033
1024 1025
1025 1028
1026 1028
1027 1032
1028 1033
1029 1039
1030 1042
1031 1041
1032 1030
1033 1041
1034 1036
1035 1036
1036 1049
1037 1041
1038 1033
1039 1044
1040 1031
1041 1034
1042 1047
1043 1039
1044 1037
1045 1045
1046 1041
1047 1040
1048 1034
1049 1033
1050 1042
1051 1042
1052 1029
1053 1025
1054 1026
1055 1026
1056 1035
1057 1035
1058 1045
1059 1043
1060 1032
1061 1025
1062 1029
1063 1029
1064 1033
1065 1039
1066 1035
1067 1040
1068 1033
1069 1038
1070 1040
1071 1037
1072 1041
1073 1038
1074 1040
1075 1047
1076 1037
1077 1032
1078 1031
1079 1042
1080 1030
1081 1044
1082 1038
1083 1053
1084 1036
1085 1050
1086 1040
1087 1035
1088 1034
1089 1039
1090 1034
1091 1032
1092 1038
1093 1034
1094 1038
1095 1033
1096 1032
1097 1036
1098 1039
1099 1036
1100 1045
1101 1045
1102 1040
1103 1029
1104 1030
1105 1031
1106 1045
1107 1037
1108 1034
1109 1028
1110 1034
1111 1038
1112 1032
1113 1035
1114 1040
1115 1041
1116 1039
1117 1044
1118 1045
1119 1033
1120 1036
1121 1047
1122 1041
1123 1044
1124 1040
1125 1045
1126 1022
1127 1019
1128 1033
1129 1030
1130 1039
1131 1034
1132 1025
1133 1038
1134 1027
1135 1043
1136 1030
1137 1033
1138 1028
1139 1026
1140 1033
1141 1031
1142 1035
1143 1038
1144 1030
1145 1030
1146 1041
1147 1036
1148 1045
1149 1036
1150 1044
1151 1045
1152 1048
1153 1034
1154 1040
1155 1046
1156 1048
1157 1039
1158 1042
1159 1034
1160 1039
1161 1046
1162 1038
1163 1048
1164 1031
1165 1036
1166 1044
1167 1035
1168 1032
1169 1032
1170 1039
1171 1038
1172 1042
1173 1043
1174 1030
1175 1035
1176 1030
1177 1032
1178 1031
1179 1040
1180 1034
1181 1041
1182 1036
1183 1044
1184 1051
1185 1045
1186 1037
1187 1054
1188 1058
1189 1042
1190 1035
1191 1042
1192 1046
1193 1030
1194 1034
1195 1038
1196 1034
1197 1037
1198 1033
1199 1027
1200 1034
1201 1036
1202 1039
1203 1041
1204 1024
1205 1036
1206 1029
1207 1033
1208 1033
1209 1028
1210 1032
1211 1031
1212 1027
1213 1026
1214 1035
1215 1035
1216 1026
1217 1027
1218 1027
1219 1038
1220 1033
1221 1030
1222 1029
1223 1034
1224 1038
1225 1038
1226 1035
1227 1040
1228 1030
1229 1032
1230 1029
1231 1035
1232 1027
1233 1034
1234 1030
1235 1028
1236 1032
1237 1033
1238 1028
1239 1029
1240 1046
1241 1039
1242 1031
1243 1029
1244 1026
1245 1035
1246 1038
1247 1032
1248 1028
1249 1023
1250 1022
1251 1033
1252 1019
1253 1037
1254 1030
1255 1028
1256 1029
1257 1032
1258 1028
1259 1028
1260 1026
1261 1031
1262 1032
1263 1032
1264 1039
1265 1030
1266 1033
1267 1024
1268 1021
1269 1025
1270 1026
1271 1023
1272 1025
1273 1027
1274 1025
1275 1037
1276 1026
1277 1038
1278 1030
1279 1031
1280 1030
1281 1019
1282 1025
1283 1025
1284 1024
1285 1023
1286 1027
1287 1028
1288 1017
1289 1020
1290 1024
1291 1027
1292 1031
1293 1030
1294 1039
1295 1038
1296 1034
1297 1027
1298 1028
1299 1027
1300 1026
1301 1034
1302 1030
1303 1034
1304 1028
1305 1028
1306 1034
1307 1034
1308 1039
1309 1041
1310 1037
1311 1036
1312 1035
1313 1027
1314 1031
1315 1037
1316 1025
1317 1021
1318 1034
1319 1028
1320 1029
1321 1024
1322 1029
1323 1034
1324 1029
1325 1031
1326 1037
1327 1036
1328 1036
1329 1043
1330 1038
1331 1032
1332 1039
1333 1035
1334 1028
1335 1030
1336 1039
1337 1035
1338 1034
1339 1030
1340 1030
1341 1041
1342 1034
1343 1024
1344 1034
1345 1035
1346 1028
1347 1021
1348 1022
1349 1031
1350 1032
1351 1043
1352 1037
1353 1026
1354 1037
1355 1031
1356 1029
1357 1031
1358 1034
1359 1023
1360 1032
1361 1040
1362 1033
1363 1031
1364 1030
1365 1026
1366 1030
1367 1040
1368 1030
1369 1029
1370 1037
1371 1029
1372 1034
1373 1026
1374 1033
1375 1030
1376 1028
1377 1023
1378 1030
1379 1028
1380 1030
1381 1032
1382 1026
1383 1028
1384 1031
1385 1046
1386 1050
1387 1041
1388 1038
1389 1039
1390 1033
1391 1034
1392 1031
1393 1025
1394 1033
1395 1039
1396 1030
1397 1044
1398 1035
1399 1030
1400 1035
1401 1032
1402 1032
1403 1033
1404 1043
1405 1040
1406 1041
1407 1041
1408 1054
1409 1043
1410 1038
1411 1040
1412 1040
1413 1040
1414 1035
1415 1034
1416 1031
1417 1035
1418 1035
1419 1041
1420 1026
1421 1028
1422 1037
1423 1029
1424 1038
1425 1034
1426 1036
1427 1026
1428 1039
1429 1033
1430 1041
1431 1043
1432 1026
1433 1032
1434 1025
1435 1029
1436 1028
1437 1026
1438 1030
1439 1025
1440 1037
1441 1028
1442 1035
1443 1025
1444 1040
1445 1027
1446 1031
1447 1027
1448 1028
1449 1037
1450 1035
1451 1035
1452 1027
1453 1025
1454 1028
1455 1037
1456 1025
1457 1029
1458 1031
1459 1035
1460 1045
1461 1024
1462 1033
1463 1029
1464 1026
1465 1040
1466 1028
1467 1031
1468 1034
1469 1034
1470 1031
1471 1035
1472 1037
1473 1038
1474 1033
1475 1030
1476 1035
1477 1034
1478 1038
1479 1045
1480 1037
1481 1037
1482 1040
1483 1023
1484 1023
1485 1027
1486 1024
1487 1030
1488 1033
1489 1033
1490 1034
1491 1027
1492 1033
1493 1037
1494 1035
1495 1035
1496 1038
1497 1033
1498 1036
1499 1026
1500 1030
1501 1031
1502 1026
1503 1035
1504 1031
1505 1036
1506 1042
1507 1022
1508 1024
1509 1026
1510 1018
1511 1016
1512 1028
1513 1018
1514 1034
1515 1033
1516 1028
1517 1031
1518 1026
1519 1026
1520 1031
1521 1016
1522 1031
1523 1038
1524 1032
1525 1029
1526 1026
1527 1031
1528 1041
1529 1037
1530 1027
1531 1035
1532 1044
1533 1036
1534 1038
1535 1030
1536 1034
1537 1048
1538 1035
1539 1041
1540 1038
1541 1035
1542 1039
1543 1041
1544 1044
1545 1038
1546 1031
1547 1046
1548 1039
1549 1035
1550 1043
1551 1043
1552 1042
1553 1030
1554 1038
1555 1039
1556 1035
1557 1030
1558 1030
1559 1033
1560 1025
1561 1029
1562 1036
1563 1037
1564 1035
1565 1030
1566 1038
1567 1024
1568 1023
1569 1025
1570 1030
1571 1036
1572 1039
1573 1042
1574 1040
1575 1042
1576 1037
1577 1038
1578 1041
1579 1030
1580 1034
1581 1033
1582 1039
1583 1026
1584 1026
1585 1027
1586 1035
1587 1038
1588 1031
1589 1019
1590 1031
1591 1038
1592 1037
1593 1026
1594 1024
1595 1027
1596 1028
1597 1028
1598 1029
1599 1025
1600 1025
1601 1030
1602 1037
1603 1025
1604 1032
1605 1020
1606 1027
1607 1026
1608 1028
1609 1041
1610 1044
1611 1036
1612 1029
1613 1034
1614 1035
1615 1036
1616 1022
1617 1029
1618 1033
1619 1031
1620 1025
1621 1036
1622 1040
1623 1031
1624 1029
1625 1040
1626 1035
1627 1035
1628 1029
1629 1027
1630 1045
1631 1035
1632 1027
1633 1036
1634 1035
1635 1037
1636 1042
1637 1033
1638 1028
1639 1035
1640 1034
1641 1032
1642 1029
1643 1030
1644 1035
1645 1046
1646 1042
1647 1030
1648 1037
1649 1032
1650 1027
1651 1025
1652 1023
1653 1024
1654 1037
1655 1034
1656 1032
1657 1031
1658 1030
1659 1027
1660 1023
1661 1030
1662 1036
1663 1024
1664 1031
1665 1030
1666 1026
1667 1023
1668 1024
1669 1032
1670 1027
1671 1016
1672 1026
1673 1026
1674 1031
1675 1029
1676 1033
1677 1037
1678 1033
1679 1031
1680 1033
1681 1028
1682 1026
1683 1032
1684 1036
1685 1043
1686 1039
1687 1033
1688 1035
1689 1032
1690 1018
1691 1031
1692 1031
1693 1031
1694 1035
1695 1031
1696 1029
1697 1025
1698 1033
1699 1026
1700 1029
1701 1035
1702 1035
1703 1032
1704 1034
1705 1029
1706 1025
1707 1024
1708 1016
1709 1032
1710 1023
1711 1036
1712 1037
1713 1041
1714 1033
1715 1024
1716 1029
1717 1033
1718 1027
1719 1028
1720 1021
1721 1028
1722 1022
1723 1028
1724 1028
1725 1022
1726 1020
1727 1021
1728 1021
1729 1030
1730 1035
1731 1028
1732 1031
1733 1030
1734 1030
1735 1033
1736 1029
1737 1028
1738 1035
1739 1025
1740 1031
1741 1018
1742 1020
1743 1026
1744 1029
1745 1030
1746 1037
1747 1039
1748 1029
1749 1028
1750 1038
1751 1029
1752 1037
1753 1036
1754 1035
1755 1037
1756 1039
1757 1032
1758 1039
1759 1036
1760 1036
1761 1034
1762 1037
1763 1037
1764 1036
1765 1032
1766 1038
1767 1032
1768 1043
1769 1044
1770 1035
1771 1034
1772 1035
1773 1034
1774 1029
1775 1025
1776 1030
1777 1034
1778 1034
1779 1034
1780 1043
1781 1034
1782 1033
1783 1041
1784 1031
1785 1028
1786 1036
1787 1040
1788 1047
1789 1042
1790 1036
1791 1040
1792 1038
1793 1035
1794 1039
1795 1032
1796 1033
1797 1031
1798 1030
1799 1021
1800 1024
1801 1033
1802 1029
1803 1032
1804 1025
1805 1033
1806 1041
1807 1021
1808 1026
1809 1032
1810 1028
1811 1032
1812 1032
1813 1035
1814 1035
1815 1031
1816 1032
1817 1026
1818 1032
1819 1022
1820 1027
1821 1022
1822 1029
1823 1027
1824 1027
1825 1025
1826 1028
1827 1035
1828 1035
1829 1033
1830 1043
1831 1035
1832 1035
1833 1031
1834 1037
1835 1036
1836 1037
1837 1034
1838 1039
1839 1032
1840 1039
1841 1035
1842 1034
1843 1026
1844 1036
1845 1039
1846 1029
1847 1036
1848 1036
1849 1027
1850 1036
1851 1038
1852 1038
1853 1033
1854 1035
1855 1022
1856 1030
1857 1025
1858 1039
1859 1030
1860 1039
1861 1030
1862 1031
1863 1047
1864 1035
1865 1039
1866 1036
1867 1044
1868 1045
1869 1050
1870 1044
1871 1044
1872 1045
1873 1046
1874 1033
1875 1036
1876 1035
1877 1041
1878 1030
1879 1040
1880 1036
1881 1044
1882 1032
1883 1030
1884 1033
1885 1033
1886 1025
1887 1039
1888 1039
1889 1039
1890 1036
1891 1037
1892 1035
1893 1036
1894 1034
1895 1033
1896 1043
1897 1020
1898 1039
1899 1036
1900 1033
1901 1041
1902 1035
1903 1028
1904 1030
1905 1029
1906 1039
1907 1029
1908 1034
1909 1038
1910 1033
1911 1031
1912 1038
1913 1032
1914 1036
1915 1033
1916 1042
1917 1046
1918 1027
1919 1029
1920 1032
1921 1043
1922 1032
1923 1029
1924 1044
1925 1028
1926 1030
1927 1019
1928 1022
1929 1032
1930 1024
1931 1032
1932 1030
1933 1028
1934 1033
1935 1027
1936 1034
1937 1045
1938 1033
1939 1029
1940 1024
1941 1033
1942 1038
1943 1030
1944 1036
1945 1038
1946 1036
1947 1037
1948 1042
1949 1041
1950 1044
1951 1033
1952 1037
1953 1035
1954 1038
1955 1033
1956 1049
1957 1053
1958 1035
1959 1035
1960 1032
1961 1030
1962 1034
1963 1031
1964 1029
1965 1033
1966 1032
1967 1010
1968 1023
1969 1028
1970 1023
1971 1023
1972 1021
1973 1035
1974 1029
1975 1029
1976 1028
1977 1028
1978 1025
1979 1039
1980 1030
1981 1044
1982 1029
1983 1024
1984 1038
1985 1036
1986 1038
1987 1031
1988 1036
1989 1032
1990 1039
1991 1031
1992 1036
1993 1034
1994 1037
1995 1031
1996 1029
1997 1037
1998 1048
1999 1044
2000 1031
2001 1037
2002 1028
2003 1037
2004 1040
2005 1041
2006 1039
2007 1042
2008 1039
2009 1030
2010 1028
2011 1035
2012 1039
2013 1036
2014 1034
2015 1040
2016 1040
2017 1040
2018 1030
2019 1042
2020 1030
2021 1032
2022 1040
2023 1038
2024 1055
2025 1037
2026 1035
2027 1034
2028 1037
2029 1034
2030 1023
2031 1033
2032 1021
2033 1028
2034 1028
2035 1024
2036 1031
2037 1042
2038 1033
2039 1028
2040 1035
2041 1037
2042 1034
2043 1032
2044 1046
2045 1037
2046 1037
2047 1038
2048 1037
2049 1030
2050 1035
2051 1032
2052 1029
2053 1028
2054 1028
2055 1045
2056 1036
2057 1043
2058 1037
2059 1029
2060 1033
2061 1025
2062 1025
2063 1019
2064 1028
2065 1020
2066 1027
2067 1034
2068 1022
2069 1025
2070 1026
2071 1022
2072 1038
2073 1027
2074 1027
2075 1027
2076 1032
2077 1027
2078 1025
2079 1021
2080 1023
2081 1026
2082 1037
2083 1030
2084 1030
2085 1026
2086 1030
2087 1026
2088 1023
2089 1021
2090 1028
2091 1027
2092 1023
2093 1029
2094 1035
2095 1039
2096 1029
2097 1030
2098 1030
2099 1035
2100 1032
2101 1020
2102 1025
2103 1024
2104 1019
2105 1027
2106 1038
2107 1030
2108 1035
2109 1037
2110 1032
2111 1041
2112 1038
2113 1039
2114 1040
2115 1029
2116 1038
2117 1039
2118 1034
2119 1035
2120 1037
2121 1026
2122 1030
2123 1037
2124 1032
2125 1028
2126 1022
2127 1023
2128 1023
2129 1027
2130 1032
2131 1024
2132 1027
2133 1025
2134 1021
